1593458328151068672
1593458263198425089
1593438370713440256
1593437172341743616
1593429029993979908
1593425578409222144
1593361160723894278
1593355428787896327
1593353411243622400
1593351280423972865
1593350075274739713
1593347324914302985
1593346954112950272
1593346939373985792
1593340699990233088
1593333969084239872
1593333763559276547
1593331521514926081
1593329491602014211
1593328432313765894
1593326720815243264
1593325811683172377
1593324717368287236
1593316881703788545
1593312980497735680
1593312713303900161
1593311764300681218
1593307548819546113
1593306311567065093
1593290502572773376
1593266306366820353
1593255605728268293
1593251909087154184
1593239244486676481
1593237965882392576
1593211158273851392
1593175055827349507
1593174206501777408
1593159198879019010
1593127943366377473
1593114720051269633
1593112060082401280
1593111402008305665
1593101623974313985
1593083504484438016
1593063462787481601
1593056431108153344
1593031936636637184
1592990894512254977
1592974210661777408
1592972594000822272
1592954754979844098
1592952293896249344
1592916333573951488
1592881663104937986
1592864621601296384
1592857096693116928
1592852665138302976
1592850893376192513
1592840531415306246
1592820092731293697
1592796895763582976
1592747153075875841
1592746394838011904
1592739653186355200
1592733162094104576
1592721622972084226
1592719103730425857
1592712213252689920
1592691437740908546
1592650340658073600
1592650229840764928
1592641194978607104
1592597428116783104
1592556971060002823
1592540275209310209
1592539073209864192
1592500289361575937
1592479535924187136
1592444078578597893
1592388288794755073
1592373920409481216
1592370726366953473
1592358939940618240
1592312350098722816
1592309452581261312
1592305985246621696
1592300946830270464
1592298808951861249
1592291080409448449
1592283638523375617
1592265835107831811
1592264783101071361
1592263829354053632
1592249530933981184
1592230410301366274
1592230090854830084
1592216594893393920
1592205497410756610
1592157407488401409
1592137160572145665
1592134159862226944
1592114953238253568
1592100869079990272
1592043347971133442
1592036995467038720
1592034622527115264
1592032945115922432
1592023174937726979
1592022631393656832
1592020705851604994
1592009126447833088
1592008755449036802
1592008280196489216
1591984237728636929
1591914466131996674
1591886656751140866
1591846660027842561
1591845564874100736
1591797228473290754
1591773675543736322
1591743732948557826
1591735493615824896
1591631474167775233
1591573629271429123
1591568040927596545
1591566514930429952
1591553994853343235
1591552905815150592
1591537889665769472
1591528629208764416
1591523983954153472
1591485991931764737
1591472438155833344
1591462091520708608
1591431816455528448
1591416281605214214
1591387256245436418
1591335605258301440
1591313739961114627
1591275800313356289
1591248601451466755
1591168908928888833
1591167515128107008
1591162095693070338
1591160029834792961
1591152584412508160
1591141133840961536
1591140711407456257
1591132641100959744
1591128589839536128
1591071167149797378
1591068232579948545
1591055760427192320
1590983388306866176
1590962534818799616
1590956029075984384
